0.0 0.0 0.0 0.0 0.0 0.0 0.0 
9.645510909118035e-06 -1.3601556186742005 -0.38952061060641435 -0.20380310336372964 -0.08777764870896301 -0.0075248013535689036 -0.0022427235468876587 
2.310883992783112e-05 -3.2586784405531857 -0.9332185223991694 -0.4882741139118607 -0.21029882734120137 -0.018028016515863696 -0.005373146112972237 
3.2532559700721865e-05 -4.587558316495401 -1.313782404685916 -0.6873909209844672 -0.29605809625418933 -0.025379790826720525 -0.007564299949952811 
4.1888875459699136e-05 -5.906933254257617 -1.691624269018599 -0.885083526951352 -0.38120396419278546 -0.032678980903214305 -0.00973978135984291 
5.136239686881945e-05 -7.242835867672213 -2.074199321179125 -1.0852526087982932 -0.4674164460791781 -0.040069607219301494 -0.011942514812406515 
6.0744619353381576e-05 -8.565864015306442 -2.4530873924223036 -1.2834926062800187 -0.552798074638468 -0.04738900804363581 -0.0141240199188701 
7.55642392312585e-05 -10.655643293940653 -3.051557232379435 -1.596621122670145 -0.6876619922295379 -0.05895031328376242 -0.01756980011646713 
8.898928723797849e-05 -12.548767887148705 -3.593709216622468 -1.8802832812660664 -0.8098347998629258 -0.0694236640996312 -0.02069132178676121 
0.00010300161430405111 -14.524707241759037 -4.159577652218787 -2.1763542480031983 -0.9373520600456604 -0.08035517191287338 -0.023949394501794646 
0.00011231322795685074 -15.837778478917965 -4.5356142818198375 -2.3731023286402073 -1.0220911227082456 -0.08761948832347861 -0.02611448201718761 
0.00012176448025762641 -17.170540758566485 -4.917290024553228 -2.5728008791667665 -1.1081009477521035 -0.09499274174405967 -0.028312037578709506 
0.00013104563754714368 -18.479317186344527 -5.292096715254713 -2.7689054374465356 -1.192562846502491 -0.1022332980834748 -0.030470043542242097 
0.00014024771800908673 -19.776942632564634 -5.66370999727911 -2.963339155963909 -1.2763051174550069 -0.10941216381937387 -0.03260966297800212 
0.0001497841403516404 -21.121715068743708 -6.048825212866622 -3.1648372916038188 -1.363090020855068 -0.11685186138716995 -0.03482702183355157 
0.00015888023208603688 -22.404394552975546 -6.41615828584836 -3.3570315401279007 -1.4458677559842295 -0.1239480416063843 -0.036941997329038016 
0.00016840961323996869 -23.748174047477413 -6.800989151686967 -3.5583809001498428 -1.5325885820713505 -0.1313822461040066 -0.03915771900679392 
0.00017864330394712512 -25.191271276446603 -7.2142625831625065 -3.7746118432527234 -1.625718880675356 -0.1393659071937854 -0.04153720304576862 
0.00018716134446003252 -26.392437192082603 -7.558251856104211 -3.954592261436675 -1.7032361400421914 -0.14601112939140912 -0.043517773109673065 
0.00019653713397777984 -27.714558005132435 -7.936880134466068 -4.152696334232557 -1.7885592266116543 -0.1533255116799544 -0.04569778247066874 
0.00020585146114693683 -29.028011724820914 -8.31302634029731 -4.3495017492446 -1.873322983543932 -0.16059194503938806 -0.04786350093051918 
0.00021525209295210828 -30.353635614425194 -8.692657838639818 -4.548130722622491 -1.958872144017544 -0.1679257076780906 -0.05004928649287796 
0.00022480672590771068 -31.700975851499088 -9.078508459430697 -4.7500136357916 -2.0458227708806405 -0.17537961202212973 -0.05227087959605847 
0.0002340461635067134 -33.00386900043671 -9.451630351438071 -4.945236684825572 -2.1299050056696376 -0.1825876214172506 -0.05441918513109947 
0.00024346712273322818 -34.332359276659226 -9.832082742183543 -5.144295162658739 -2.215639153179143 -0.18993724220778893 -0.05660969712398858 
0.00027566990191761506 -38.87341259778662 -11.13254737718402 -5.824718042149711 -2.508696129214526 -0.21505975998101792 -0.06409731832820857 
0.01219547655367547 -1719.7368266724836 -492.49742517685206 -257.68214651127704 -110.98326224471283 -9.514119129245682 -2.8356282111733897 
0.019679477186555258 -2773.194617004723 -794.6656365882113 -415.8094481935785 -179.0937276966369 -15.353112463396737 -4.5759075523187525 
0.030915725510737305 -4352.5235646631645 -1248.2553352351658 -653.2113974872123 -281.3567461095574 -24.120158669115185 -7.188878061456079 
0.03825918442136123 -5381.177863132966 -1544.5823278005585 -808.3571677078604 -348.19703198200085 -29.850727235468437 -8.896844995595075 
0.045692512664008915 -6419.749519891377 -1844.446970834323 -965.3952004709461 -415.860025638139 -35.65207866587756 -10.625909992380159 
0.05325364224230163 -7472.936769238033 -2149.3594049892345 -1125.1254038113286 -484.6920707732975 -41.55396405548072 -12.384940581367504 
0.06093114562587947 -8538.4714843226 -2458.836192684982 -1287.3047276734226 -554.5903320373858 -47.5476290295727 -14.171327963946036 
0.06866995220321413 -9608.027544601031 -2770.6345548780355 -1450.7681917397654 -625.054636338198 -53.59024842436647 -15.972308683724643 
0.07989807384978789 -11152.487069049634 -3222.7731707288763 -1687.9171744021448 -727.3032331119667 -62.359192174702194 -18.58586483354194 
0.08749534559206586 -12189.036211755025 -3528.4193214017623 -1848.3583327009767 -796.5025576107588 -68.29458832229656 -20.354896089037442 
0.09495574233751694 -13200.897178910978 -3828.3572381639037 -2005.8942213464225 -864.4657817499694 -74.12452311226346 -22.092498425717828 
0.10217331106595909 -14173.65377564389 -4118.325256843759 -2158.28732828909 -930.2277690464123 -79.76621175403858 -23.77399800870408 
0.10984102451700557 -15200.289401165457 -4426.149440279299 -2320.1681198736474 -1000.1031851286698 -85.76142617634791 -25.560869667254213 
0.1174691657352522 -16213.927114425058 -4732.12513762906 -2481.19434502712 -1069.631580644148 -91.72759045433176 -27.339087571284548 
0.12493774849425143 -17198.373056142937 -5031.430364333298 -2638.832410962265 -1137.7197573696424 -97.57092372981046 -29.08070045708909 
0.13250076033878805 -18186.875311330128 -5334.23512999048 -2798.4424768922386 -1206.6836301878902 -103.49020185473486 -30.84495387156396 
0.1401256623591955 -19174.41084945017 -5639.209540507732 -2959.335737490941 -1276.2278533906651 -109.46015016260287 -32.624315128558166 
0.15128177232301782 -20605.20910781023 -6084.941253507395 -3194.705166331037 -1378.0039435261192 -118.198345838221 -35.22876949195684 
0.1586412580687584 -21534.34626971875 -6378.4756156787735 -3349.9359285933137 -1445.1698514428758 -123.96642206382393 -36.94797682120423 
0.16596932164453848 -22449.507644379657 -6670.411487737077 -3504.4778028518185 -1512.0666808053738 -129.71234943590107 -38.66058869281905 
0.17376494434576917 -23412.00702470177 -6980.591246453016 -3668.8509555393566 -1583.2513330872537 -135.82763100994777 -40.483295835812356 
0.18138912698541662 -24341.331707351794 -7283.531771673644 -3829.5772905355966 -1652.891740287824 -141.81141031142676 -42.26681511809755 
0.18872936768129644 -25224.29358113449 -7574.779238470352 -3984.2862127234034 -1719.959369780201 -147.57526613342608 -43.984791511756775 
0.19653995791442 -26151.361245648666 -7884.251231431133 -4148.87472545146 -1791.3466420803084 -153.7115707973386 -45.813787867110825 
0.20739162724197666 -27420.244214886556 -8313.541080576524 -4377.493680222307 -1890.5626612302763 -162.24185132522894 -48.35634829996137 
0.21486235812008195 -28274.488930783107 -8608.39337280011 -4534.830072414142 -1958.901189278679 -168.119288438508 -50.1082066215625 
0.22265104232529018 -29150.884639700806 -8915.285739814952 -4698.822417783709 -2030.1733537181194 -174.25043991964904 -51.93569730769188 
0.23391130793319986 -30395.811419468802 -9358.169973376367 -4935.846122135843 -2133.252175576691 -183.11994530752395 -54.57941354316884 
0.2412314523872884 -31183.346180707005 -9645.28909460375 -5089.86787096939 -2200.300900267645 -188.89140340751544 -56.29971484908655 
0.2486910914143736 -31971.17150230239 -9937.34034767534 -5246.780917149334 -2268.6534148720607 -194.77657844044947 -58.053921316647894 
0.25602026955966145 -32730.100024928845 -10223.726050572068 -5400.904088571651 -2335.837332595685 -200.56267574679953 -59.77860529822758 
0.26342763660458507 -33481.75037099593 -10512.595619677819 -5556.624380882531 -2403.765256560312 -206.4144241255647 -61.522868191471325 
0.2707125793051678 -34205.33543686647 -10796.105271319819 -5709.722371776963 -2470.598272786685 -212.17346323726272 -63.23950701225231 
0.2782483085057926 -34937.566891042276 -11088.761324981675 -5868.039443374306 -2539.7609125675585 -218.13493591781517 -65.01649745322186 
0.2856839528386589 -35643.10513799033 -11376.88509975859 -6024.199348854667 -2608.0351166224486 -224.02160491781297 -66.77120179812084 
0.29326564741585687 -36345.07920097579 -11669.99998785881 -6183.369639737696 -2677.6813155025143 -230.02840490726834 -68.56172661773525 
0.30075395471131383 -37020.50520032668 -11958.811772781095 -6340.519857304653 -2746.5014745675953 -235.9658631742192 -70.33159397309042 
0.3077689460897414 -37636.36312871393 -12228.709679128462 -6487.6799409718005 -2811.0017110992026 -241.53242788851963 -71.99091503608024 
0.3152484970915655 -38275.86991422728 -12515.806600147609 -6644.52660021296 -2879.803891615085 -247.47211290294268 -73.76147022545578 
0.3229255813596505 -38913.17973325636 -12809.726885170036 -6805.448651557021 -2950.4571009816655 -253.57367567165622 -75.58029264384315 
0.3339404580494065 -39798.98674378878 -13230.287693947652 -7036.233154262936 -3051.879371618352 -262.33557624768946 -78.1921584739214 
0.3412658744289771 -40360.11936171703 -13508.838244665068 -7189.612560248094 -3119.3798623801986 -268.17008795451034 -79.93140852870476 
0.3485987660606909 -40902.994135101995 -13786.897124367288 -7343.077828166732 -3186.9828203310317 -274.01557589270226 -81.67394405170455 
0.35596625060076015 -41429.23336834154 -14065.468269138913 -7497.193592036195 -3254.938953461627 -279.8937840179028 -83.42624731952716 
0.36328949471610084 -41932.89215901849 -14341.548878442576 -7650.308052219542 -3322.5217003482735 -285.7419241401148 -85.16960145155862 
0.37076181813284775 -42426.86717117972 -14622.400683468077 -7806.4599606730235 -3391.5158508252553 -291.7145104042873 -86.95006818928178 
0.3780687780971036 -42889.78217304044 -14896.169849707334 -7959.074189662873 -3459.0191383603133 -297.56039901380416 -88.6927805452144 
0.385484460456728 -43339.394668627305 -15173.132192926649 -8113.875178484132 -3527.5629472433397 -303.49879286977466 -90.46308477194853 
0.3928923621773733 -43767.85310917909 -15448.890958529888 -8268.425743391843 -3596.0718637832065 -309.43664511286124 -92.233243304097 
0.4001667797852915 -44168.106431457876 -15718.765042087884 -8420.102304114602 -3663.3830036401173 -315.2731696142594 -93.97321038640723 
0.4074100426831941 -44546.43943130549 -15986.568535518862 -8571.039374388884 -3730.442086816885 -321.09032052175485 -95.7074176338789 
0.41482897140803526 -44913.17059661881 -16259.914000073337 -8725.542478049196 -3799.164779395558 -327.0543674653451 -97.48543388400749 
0.422122073118783 -45252.596383456825 -16527.643127131796 -8877.326935179102 -3866.7597695707514 -332.92320345728444 -99.23508246852553 
0.42959598463446574 -45579.04591825742 -16801.00159235354 -9032.772413410094 -3936.0689979818676 -338.94360482648426 -101.02993384484287 
0.43671646112828505 -45869.03281054184 -17060.42784446839 -9180.764263302823 -4002.1384530741743 -344.6853094447852 -102.74171511145865 
0.44397961114973705 -46144.28263040354 -17324.0560968681 -9331.618677182685 -4069.568718801734 -350.54796654500524 -104.48957315861293 
0.45121690669923387 -46397.555957350574 -17585.712998859948 -9481.82849953758 -4136.796764688654 -356.39583179042387 -106.23303893433163 
0.45847257047929013 -46630.39806247475 -17846.981781487804 -9632.30888349249 -4204.233415457302 -362.2646826794662 -107.98277930642679 
0.46574427375080046 -46842.49222347543 -18107.750243538118 -9783.007446284462 -4271.857495087812 -368.1527524499506 -109.73826801725008 
0.4728491417292249 -47028.82418084334 -18361.45995377605 -9930.133138638083 -4337.967793133584 -373.9119165221592 -111.45534272018114 
0.4804682361318952 -47206.68303328054 -18632.384079644326 -10087.782995761354 -4408.902608383208 -380.0944590176245 -113.29866580580995 
0.4878044125404597 -47355.20224244739 -18892.038535292897 -10239.446587685823 -4477.24453470295 -386.05426663343644 -115.07560116555307 
0.49855206213102476 -47540.65510190684 -19270.699724911436 -10461.4449497141 -4577.425026841003 -394.79525572596214 -117.6817840993329 
0.5056058976194427 -47631.41336345162 -19517.500206411543 -10606.95266657151 -4643.231019444397 -400.5416142211477 -119.39512764853708 
0.5129386384038771 -47704.63961598835 -19772.867497687545 -10758.078966287576 -4711.677269510627 -406.5217289424144 -121.17818856860725 
0.5200818253019603 -47754.58415309153 -20020.404799507498 -10905.158326553994 -4778.393004493952 -412.3539493984968 -122.91717344460568 
0.5272253981636384 -47783.70572471795 -20266.737833559208 -11052.10532829708 -4845.150202653323 -418.19306338639433 -124.65823440040336 
0.5346509514344612 -47792.35090937504 -20521.50690250784 -11204.703071158385 -4914.581879701603 -424.26956363163185 -126.47009913156135 
0.5450257623304148 -47773.07462936318 -20875.5610654769 -11417.685588688199 -5011.647323836678 -432.7696131689812 -129.00463959876228 
0.5522604642499199 -47729.19248770558 -21120.552370378842 -11565.978723499695 -5079.3898210095485 -438.70694739519587 -130.7750631158585 
