0.0 47870.0 35020.0 29760.0 24130.0 13070.0 9670.0 
0.0 47870.0 35020.0 29760.0 24130.0 13070.0 9670.0 
3.573532323750011e-11 47869.99994607184 35019.99999395345 29759.999998055435 24129.999999554253 13069.999999993937 9669.999999999278 
9.566204577756104e-11 47869.99985563645 35019.999983813614 29759.999994794478 24129.999998806754 13069.99999998377 9669.999999998068 
1.794232908027984e-10 47869.9997292324 35019.999969640885 29759.99999023655 24129.99999776195 13069.999999969557 9669.999999996377 
2.886251822955456e-10 47869.99956443587 35019.9999511635 29759.99998429425 24129.999996399816 13069.99999995103 9669.99999999417 
4.2123358008953685e-10 47869.999364316594 35019.99992872565 29759.999977078267 24129.999994745718 13069.99999992853 9669.999999991493 
6.689557623576493e-10 47869.99899047916 35019.999886810096 29759.999963598282 24129.99999165574 13069.9999998865 9669.999999986489 
9.481151129149884e-10 47869.99856919991 35019.999839575255 29759.99994840762 24129.999988173626 13069.999999839138 9669.99999998085 
1.2912524774050477e-09 47869.99805137147 35019.999781515085 29759.99992973555 24129.99998389348 13069.99999978092 9669.99999997392 
1.5551826224715395e-09 47869.997653074606 35019.999736857084 29759.9999153736 24129.99998060133 13069.99999973614 9669.999999968588 
1.8472884912725347e-09 47869.997212257775 35019.99968743164 29759.999899478444 24129.999976957726 13069.999999686579 9669.999999962689 
2.1582758732911173e-09 47869.99674294686 35019.99963481137 29759.999882555836 24129.999973078604 13069.999999633816 9669.999999956408 
2.4901157782322334e-09 47869.99624216741 35019.99957866277 29759.999864498524 24129.999968939377 13069.999999577514 9669.999999949705 
2.8581610948019502e-09 47869.9956867504 35019.999516388074 29759.99984447107 24129.99996434854 13069.99999951507 9669.99999994227 
3.2330828815228637e-09 47869.99512095611 35019.99945294986 29759.999824069426 24129.999959671928 13069.99999945146 9669.999999934698 
3.6497167570495706e-09 47869.99449221413 35019.99938245379 29759.99980139799 24129.999954475017 13069.999999380772 9669.999999926284 
4.123979687112581e-09 47869.993776504176 35019.99930220666 29759.999775590626 24129.999948559267 13069.999999300308 9669.999999916705 
4.542721624054781e-09 47869.99314458093 35019.999231353904 29759.999752804477 24129.99994333606 13069.999999229261 9669.999999908247 
5.0256069620546026e-09 47869.992415858906 35019.99914964783 29759.999726527916 24129.999937312758 13069.999999147332 9669.999999898493 
5.529358193102741e-09 47869.99165564818 35019.999064411175 29759.999699115924 24129.999931029182 13069.999999061863 9669.999999888318 
6.061872168253536e-09 47869.99085203161 35019.998974307746 29759.999670138786 24129.999924386833 13069.999998971514 9669.999999877562 
6.627826519618364e-09 47869.98999795019 35019.998878546074 29759.999639341964 24129.999917327365 13069.999998875492 9669.999999866131 
7.1994036570627966e-09 47869.98913538344 35019.998781833005 29759.999608239177 24129.99991019776 13069.999998778516 9669.999999854586 
7.80616326504152e-09 47869.988219722836 35019.99867916693 29759.999575221907 24129.9999026293 13069.99999867557 9669.999999842332 
9.963677591416868e-09 47869.98496381913 35019.99831410714 29759.999457819184 24129.9998757174 13069.999998309517 9669.999999798754 
9.141929674557554e-07 47868.62039191729 35019.84531500491 29759.950253519248 24129.98859675262 13069.999844893902 9669.99998153536 
2.6017315072663508e-05 47830.784596865225 35015.596433935316 29758.58357837662 24129.67529357533 13069.995583242138 9669.999474205804 
8.682627830586835e-05 47739.178236454514 35005.30279465559 29755.27234054896 24128.916186395338 13069.985257497294 9669.998244974227 
0.0001492320477278328 47645.28962004618 34994.73537334749 29751.87240341275 24128.136682526172 13069.974653978685 9669.996982674125 
0.00022738892081518669 47527.79722459862 34981.49811361598 29747.613001456302 24127.160082260412 13069.961369128183 9669.995401173139 
0.00032231113663006575 47385.23416953905 34965.41760220842 29742.438040719364 24125.973495555314 13069.945227447964 9669.993479578645 
0.00043461053494399523 47216.75310385513 34946.388165639146 29736.31315024248 24124.5690058564 13069.926121057182 9669.991205047407 
0.0005640830277618839 47022.743880518785 34924.44202074326 29729.248275046342 24122.94885224578 13069.904080196175 9669.988581178815 
0.0007757141666643001 46706.05321079927 34888.5574756989 29717.694185420154 24120.298995821297 13069.868029943098 9669.984289550031 
0.0009422084329020701 46457.51419301231 34860.30924722617 29708.595746466086 24118.21202525321 13069.839635930972 9669.98090935979 
0.0011211735830255374 46190.79418793373 34829.93283249622 29698.8096385389 24115.96710480072 13069.809091812847 9669.977273205219 
0.0013089937653214616 45911.357488826754 34798.03982494519 29688.532513795497 24113.60930942715 13069.777010677717 9669.973454071569 
0.0015235981534374174 45592.63544026091 34761.58273237196 29676.781821519533 24110.913168919997 13069.74032440986 9669.96908671092 
0.00175299892986235 45252.627873937345 34722.59250123517 29664.211178452475 24108.028556455425 13069.70107181712 9669.964413834217 
0.0019930693500769888 44897.56844735227 34681.76721537337 29651.0450603151 24105.00692582342 13069.659952757449 9669.95951875615 
0.002251487987146887 44516.21994140979 34637.79771209784 29636.860663470994 24101.751185359193 13069.6156456763 9669.954244149503 
0.0025276285812559076 44109.68895027822 34590.78538274279 29621.689777100222 24098.268542580885 13069.568248187283 9669.948601633567 
0.002954635285528648 43482.64882384499 34518.043285652144 29598.207862771502 24092.877234571813 13069.494870335948 9669.939866229372 
0.0032584221571148103 43038.42130668636 34466.239248126374 29581.475526815528 24089.03467251682 13069.442566670152 9669.933639628092 
0.003575414111797129 42576.16284702321 34412.14717913834 29563.997735823665 24085.020294707487 13069.38792099983 9669.927134208954 
0.003927962331671341 42063.53222984029 34351.94588601221 29544.538541413884 24080.550099692606 13069.327066704167 9669.919889659439 
0.004288669870507159 41540.728508652006 34290.30346143276 29524.60500540967 24075.970114752792 13069.264713430839 9669.912466648611 
0.004650893277450412 41017.45534545882 34228.35312325179 29504.56319703726 24071.3644120732 13069.202005567231 9669.905001412568 
0.005051608525483903 40440.48263328621 34159.76570110198 29482.364596588304 24066.262141164716 13069.132531876 9669.896730706 
0.005630873781762586 39609.488967465186 34060.53058805603 29450.231287725946 24058.874919794944 13069.031937858306 9669.884755164217 
0.006051108369210425 39009.98715209349 33988.444800472666 29426.872218944194 24053.50319296174 13068.958780734103 9669.876045913086 
0.006504597299371293 38365.54070263134 33910.58423365817 29401.629251732902 24047.697023141736 13068.879700518086 9669.866631508865 
0.007183310879395547 37405.07568629833 33793.940262576194 29363.79195669349 24038.992041987374 13068.761127940847 9669.852515558392 
0.007646111718192711 36754.463289887 33714.28191611938 29337.930232657065 24033.040085843284 13068.680043740287 9669.842862532529 
0.0081320071035102 36074.31789099595 33630.565905477655 29310.736268456647 24026.780087740637 13068.594755451475 9669.832708991864 
0.008623651874037895 35389.24632994769 33545.771526843535 29283.17614415549 24020.43427336432 13068.508289880809 9669.82241527427 
0.00913464464814147 34680.49295709355 33457.5480628695 29254.484800007704 24013.826386589677 13068.418244909215 9669.811695406284 
0.009651162917801522 33967.52343016038 33368.27382831106 29225.434147245796 24007.134056904568 13068.327040285223 9669.800837457207 
0.010199628411155995 33214.15261393242 33273.374209855436 29194.534053707946 24000.01386068166 13068.229994980638 9669.789284146553 
0.010755214848748076 32454.98855740592 33177.130760949476 29163.17596794763 23992.786168158676 13068.131474150756 9669.777555145398 
0.011336155073456455 31665.4018922523 33076.377202906704 29130.32672221238 23985.21269834452 13068.028229001657 9669.765263679526 
0.011924426113282115 30870.329334208735 32974.227129621955 29096.999107263982 23977.526726054424 13067.923438447015 9669.752788199383 
0.012488866324936482 30111.813575857595 32876.09380596925 29064.95955267474 23970.13565040854 13067.822657110504 9669.740789992025 
0.013103976034696228 29289.735189617957 32769.024871347836 29029.979176669432 23962.063921386354 13067.712582801814 9669.727685406608 
0.013749812050961414 28431.7985418774 32656.462684701593 28993.177067385568 23953.569234415623 13067.596726889455 9669.713892471507 
0.014697672396761558 27180.689764862364 32491.037576272647 28939.04956184452 23941.07147071128 13067.426253231453 9669.69359710002 
0.015348135448319818 26330.455361663422 32377.28508908706 28901.785645648102 23932.463217089116 13067.308811540533 9669.679615274079 
0.016012606861020535 25467.57587810307 32260.926109653006 28863.6380798457 23923.64798059889 13067.188530913005 9669.665295422312 
0.016693573968740317 24589.20971477994 32141.514622183586 28824.458437102698 23914.591250160276 13067.064939334683 9669.650581346637 
0.01738373375281497 23705.154605325562 32020.321151874712 28784.661413363036 23905.38867743056 13066.939340997154 9669.635628313314 
0.01810135122445394 22792.428848504598 31894.127250150017 28743.18775767217 23895.79509371663 13066.808388577389 9669.620037805533 
0.018816399493306418 21889.716348523416 31768.200021304347 28701.765661936424 23886.20998646642 13066.677533630926 9669.604458852953 
0.019555235044010688 20963.912518019184 31637.893582499015 28658.8657996653 23876.279359286204 13066.54194285506 9669.588316024516 
0.02030655667486487 20029.76148820483 31505.185595494393 28615.13587813642 23866.152820621315 13066.403657252054 9669.571852308103 
0.021057281910236092 19103.769200942028 31372.380783548793 28571.333789473636 23856.005724530285 13066.265070614478 9669.555352696656 
0.021817382068340333 18173.71163374257 31237.713641091563 28526.876551275305 23845.702951923067 13066.124337162362 9669.538597437479 
0.022608689824802797 17213.371428477327 31097.303094210074 28480.479910793358 23834.94659368979 13065.977385997874 9669.521101858785 
0.02339936641390641 16262.027571353188 30956.781933257873 28434.00130361498 23824.16689908945 13065.830093147102 9669.503565537876 
0.02422246062632237 15280.23247882584 30810.26870041287 28385.493293851894 23812.91200100423 13065.676283265078 9669.485253250603 
0.025019070489736214 14338.654442321733 30668.23777950329 28338.42111685353 23801.985652116808 13065.526939111896 9669.467472578048 
0.025843666878104125 13372.618743100924 30520.985807797013 28289.570130246393 23790.641790959726 13065.371863945784 9669.44900951434 
0.02667747892174229 12404.816285631998 30371.846762304678 28240.042039335585 23779.13583109916 13065.214547168247 9669.43027949746 
0.02752547562899268 11429.830718736335 30219.92326712276 28189.536414544116 23767.397745625945 13065.054030090432 9669.411168383273 
0.028387401183294976 10448.420804463056 30065.249620303763 28138.061549867165 23755.42916254349 13064.890333390447 9669.391678629403 
0.0292412843721552 9485.82037711705 29911.763708963514 28086.92623247607 23743.5342236463 13064.727615982814 9669.372305394409 
0.030169190762974904 8450.147050196609 29744.69842661584 28031.20649601966 23730.567131440523 13064.550201761755 9669.351182265718 
0.031075174622762106 7449.971249220449 29581.290460217 27976.641886342775 23717.86270715277 13064.376348923268 9669.330483071199 
0.03242003173019821 5981.240444758644 29338.30769789261 27895.41173600206 23698.940713586526 13064.117364995067 9669.299647906251 
0.03331936967847447 5015.1402072485525 29175.40162756698 27840.85513246328 23686.22295121072 13063.943249562464 9669.278917229873 
0.034265617310904745 4009.7384814783063 29003.710994156525 27783.289771720876 23672.797461781 13063.759411402896 9669.257028847445 
0.035198819705077274 3029.7066564942015 28834.090474571018 27726.348509941057 23659.510876872922 13063.5774403085 9669.23536266915 
0.03614312320552662 2049.4761684967916 28662.15789854463 27668.56082993924 23646.02011675681 13063.392637755884 9669.213359271367 
0.037136113555331314 1030.882238642894 28481.049469596597 27607.613768892686 23631.784635945267 13063.19759607302 9669.190136656127 
0.038539952185902046 -391.05955563527755 28224.54743927702 27521.182058479764 23611.585946180985 13062.920795486343 9669.157179273625 
0.039534728881436665 -1380.349255391607 28042.32496686186 27459.66355853115 23597.19830807414 13062.723570803482 9669.133696473475 
