0.0 57909000000.0 108210000000.0 149600000000.0 227940000000.0 778410000000.0 1429400000000.0 
0.0 57909000000.0 108210000000.0 149600000000.0 227940000000.0 778410000000.0 1429400000000.0 
0.000462625228521985 57908999934.7632 108209999981.31752 149599999990.22504 227939999995.78995 778409999999.639 1429399999999.8923 
0.001238429424995273 57908999825.36366 108209999949.98775 149599999973.83282 227939999988.72986 778409999999.0338 1429399999999.712 
0.002322792504869781 57908999672.45289 108209999906.19725 149599999950.92096 227939999978.86176 778409999998.1879 1429399999999.4597 
0.0037365071578869084 57908999473.09881 108209999849.10634 149599999921.05014 227939999965.99643 778409999997.085 1429399999999.131 
0.005453239648717435 57908999231.01486 108209999779.77847 149599999884.77673 227939999950.37354 778409999995.7457 1429399999998.732 
0.00866022145646121 57908998778.784355 108209999650.26895 149599999817.01538 227939999921.18884 778409999993.2439 1429399999997.9863 
0.012274185098327478 57908998269.16357 108209999504.32404 149599999740.6548 227939999888.30048 778409999990.4246 1429399999997.146 
0.01671640048065411 57908997642.74738 108209999324.93132 149599999646.7938 227939999847.8747 778409999986.959 1429399999996.113 
0.020133208655818007 57908997160.928345 108209999186.94826 149599999574.59897 227939999816.7805 778409999984.2935 1429399999995.3186 
0.023914776393422602 57908996627.67297 108209999034.23488 149599999494.69702 227939999782.36685 778409999981.3434 1429399999994.4395 
0.02794078195365652 57908996059.94836 108209998871.65022 149599999409.63025 227939999745.72873 778409999978.2025 1429399999993.5034 
0.03223674179388422 57908995454.15631 108209998698.16383 149599999318.85953 227939999706.63394 778409999974.8511 1429399999992.5046 
0.037001412581733804 57908994782.269295 108209998505.74919 149599999218.18527 227939999663.2737 778409999971.134 1429399999991.3967 
0.04185510533891193 57908994097.8289 108209998309.73953 149599999115.63004 227939999619.10333 778409999967.3475 1429399999990.268 
0.047248797832657445 57908993337.2408 108209998091.92273 149599999001.66498 227939999570.01877 778409999963.1398 1429399999989.014 
0.05338854920682865 57908992471.44768 108209997843.97737 149599998871.9362 227939999514.1448 778409999958.35 1429399999987.5864 
0.05880953242988184 57908991707.01119 108209997625.05847 149599998757.3945 227939999464.8119 778409999954.1208 1429399999986.326 
0.0650609084894938 57908990825.4774 108209997372.6053 149599998625.30716 227939999407.9221 778409999949.2439 1429399999984.8723 
0.07158241192578625 57908989905.851776 108209997109.24341 149599998487.5122 227939999348.57404 778409999944.1562 1429399999983.356 
0.07847627443341645 57908988933.71818 108209996830.84431 149599998341.84958 227939999285.83737 778409999938.7781 1429399999981.753 
0.08580305208273072 57908987900.53733 108209996534.96254 149599998187.03973 227939999219.16104 778409999933.0623 1429399999980.0493 
0.0932026216655884 57908986857.09179 108209996236.14116 149599998030.69183 227939999151.82227 778409999927.2896 1429399999978.3289 
0.10105765933926884 57908985749.41871 108209995918.92633 149599997864.7202 227939999080.33856 778409999921.1616 1429399999976.5024 
0.12898858309761982 57908981810.75751 108209994790.97464 149599997274.55875 227939998826.157 778409999899.3717 1429399999970.008 
11.835033495994736 57907331090.41908 108209522058.55559 149599749933.7699 227939892296.90097 778409990767.0754 1429399997248.18 
337.0113486077597 57861476573.64001 108196390263.56453 149592879178.82205 227936933074.43048 778409737085.6234 1429399921639.8896 
1124.871753876177 57750452778.946205 108164576126.19897 149576232405.26895 227929763124.96756 778409122429.589 1429399738445.1663 
1933.8935418735518 57636553255.69673 108131911010.09686 149559138766.22263 227922400407.967 778408491238.3887 1429399550322.1677 
2947.451117268969 57493995758.190765 108090992126.36107 149537723868.24854 227913176015.319 778407700436.6196 1429399314628.052 
4178.910028855874 57320977088.4897 108041282435.93793 149511705502.14194 227901968171.74274 778406739577.4453 1429399028249.1511 
5636.470444873481 57116441654.52474 107982454136.94096 149480910646.0044 227888702074.8793 778405602239.0289 1429398689271.4138 
7317.789535844744 56880833166.17543 107914605613.99153 149445389075.0196 227873398845.25275 778404290221.4131 1429398298231.2651 
10067.585464546288 56496092618.42011 107803659277.57385 149387295012.92776 227848369372.5493 778402144271.9518 1429397658641.634 
12233.164071006016 56193812647.929726 107716308377.91232 149341545257.69293 227828656352.62094 778400454071.8508 1429397154885.419 
14562.529696339428 55869307135.488144 107622372196.2398 149292336898.84415 227807451274.0464 778398635882.9476 1429396612982.3618 
17008.890506805317 55529210194.25536 107523741582.805 149240658707.59164 227785179896.2613 778396726200.3527 1429396043809.5974 
19806.15506869062 55141168943.50794 107410991539.03036 149181569884.9353 227759712451.33182 778394542389.3844 1429395392933.5376 
22798.781443666703 54727035998.47014 107290400788.7819 149118356742.66498 227732464570.29034 778392205813.346 1429394696525.8606 
25933.356720029973 54294379694.60077 107164127631.32628 149052147960.12112 227703922265.70752 778389758132.4128 1429393967003.118 
29310.566873237567 53829488012.111946 107028122317.34894 148980817303.70767 227673168400.1833 778387120678.815 1429393180918.5435 
32922.88689210005 53333665847.77345 106882697005.85551 148904524384.67032 227640271023.42398 778384299263.0966 1429392340003.789 
38514.517048648784 52568522531.87601 106657667745.72633 148786433874.5203 227589343919.6266 778379931321.7339 1429391038150.144 
42499.43449844426 52025760135.12753 106497384135.81259 148702282055.2444 227553045878.71838 778376817855.7582 1429390110188.129 
46662.18022813452 51460699008.739525 106330012971.12105 148614379755.1035 227515124629.85156 778373564977.5325 1429389140673.4226 
51297.18123923087 50833754886.782036 106143729363.50165 148516510715.2193 227472897364.4453 778369942519.6901 1429388061004.8074 
56045.561178364456 50193987729.433334 105952974550.65521 148416254024.53555 227429632718.07523 778366230832.0381 1429386954739.8438 
60820.13162050507 49553269044.56086 105761255586.62811 148315450923.26282 227386124883.95972 778362498036.2565 1429385842182.0542 
66108.94890574717 48846401419.56459 105548985372.0849 148203798126.19104 227337925968.462 778358362492.1809 1429384609583.6064 
73765.42267130487 47827640586.21732 105241843947.23122 148042173228.9992 227268141692.96072 778352374454.8282 1429382824846.9624 
79332.11823434527 47091641000.12797 105018696306.88602 147924674875.90274 227217396217.2736 778348019645.4952 1429381526891.625 
85348.33142258067 46299946472.131935 104777658601.66818 147797698216.3949 227162546371.6678 778343312252.8689 1429380123846.177 
94367.11051950206 45119150791.59252 104416532995.27711 147607366112.134 227080311477.03436 778336254005.089 1429378020121.0996 
100532.55847633115 44317976213.63734 104169869802.92522 147477266790.90906 227024083091.2264 778331427318.8435 1429376581513.7202 
107016.27501348838 43479843477.15176 103910627818.55933 147340463483.71027 226964944337.9975 778326350375.9164 1429375068313.8923 
113588.00396949187 42634996674.13961 103648030928.0271 147201815887.27673 226904994561.53845 778321203352.4617 1429373534223.4126 
120430.21852234969 41760275437.839714 103374798940.23187 147057475188.71808 226842568644.17776 778315843257.8835 1429371936623.1765 
127358.90951098976 40879636241.93168 103098295960.22522 146911324489.53055 226779344652.62317 778310414132.1517 1429370318444.6592 
134729.5460117277 39948334510.26464 102804352591.27339 146755867036.3508 226712078174.4462 778304637328.2935 1429368596635.4258 
142210.35424002816 39009025159.99822 102506227160.04599 146598102635.23828 226643795767.1436 778298772690.2216 1429366848642.952 
150047.8768913203 38031183593.80023 102194110942.86082 146432833293.424 226572246301.03326 778292626827.3354 1429365016825.654 
158000.58673343537 37045586161.503006 101877646588.51616 146265154108.95532 226499633559.8565 778286388970.3761 1429363157584.6455 
165646.96209082246 36104375998.68565 101573605487.10887 146103952588.47507 226429806444.1522 778280389768.9255 1429361369472.6072 
173996.23577453097 35083362344.73032 101241860373.74747 145927952325.65555 226353548514.59326 778273837384.8414 1429359416475.5293 
182781.57227024977 34016691448.70643 100893070217.6894 145742782840.07138 226273294218.4969 778266940838.7667 1429357360892.8943 
195704.7426690526 32459423516.154377 100380437298.97737 145470435346.8995 226155219770.16794 778256793064.7639 1429354336242.4578 
204603.8784895429 31398825496.316753 100027865083.49821 145282927684.99423 226073890633.847 778249802118.1227 1429352252509.7996 
213715.42214475255 30321240489.87835 99667189204.01456 145090970405.8893 225990605524.13358 778242642177.3068 1429350118400.963 
223074.93568830012 29223037728.27568 99297025385.54439 144893816419.48627 225905038357.02332 778235285144.6853 1429347925540.6892 
232583.46440220825 28116384908.20287 98921310247.70209 144693552264.04092 225818092809.66095 778227808654.7717 1429345697068.5608 
242494.20981367407 26972431602.09571 98530064583.27292 144484847480.31442 225727452515.4186 778220013451.4843 1429343373593.0708 
252394.34429152287 25839543397.523346 98139615173.23294 144276398282.94073 225636891779.75275 778212224049.3914 1429341051840.0588 
262649.4434306962 24676159924.135574 97735557214.85934 144060508742.20203 225543066036.28162 778204152736.5283 1429338646052.2495 
273104.8511200957 23500675341.085434 97324019787.86621 143840437943.93576 225447388745.6335 778195921007.527 1429336192442.4956 
283579.4489612734 22333814633.614056 96912148915.68634 143619999872.90353 225351516669.1891 778187671357.6816 1429333733483.6963 
294212.6879599103 21160178900.895535 96494469603.21162 143396260760.32486 225254173188.94778 778179293913.2467 1429331236425.8293 
305311.89163396275 19946585831.501385 96058942341.64409 143162757160.14816 225152543547.6087 778170546345.7057 1429328629037.6697 
316432.9246300864 18742521297.459408 95623034889.24226 142928836550.70255 225050692809.6384 778161778437.3319 1429326015578.144 
328041.8663511062 17498012214.437454 95168501809.67337 142684697763.39035 224944351559.86087 778152622588.082 1429323286475.919 
339309.5709621114 16302537293.284842 94727834927.57309 142447780718.04288 224841113949.67807 778143732569.1908 1429320636601.404 
351005.4685800791 15074098341.839622 94270932027.98439 142201906590.46622 224733930901.2554 778134501398.7438 1429317885029.8743 
362866.0284733719 13841390771.206724 93808133737.76657 141952619867.73703 224625215630.74057 778125136790.4414 1429315093674.5742 
374963.33338755573 12597453823.464846 93336653770.76627 141698408270.60962 224514306462.47263 778115581676.2972 1429312245524.5051 
387295.57375087775 11343164441.348362 92856596111.35373 141439313275.5027 224401218743.90152 778105837287.146 1429309340945.9648 
399549.3020198029 10110738830.35131 92380181341.37933 141181922424.65182 224288826205.9819 778096151191.0537 1429306453732.9753 
412904.69100497547 8782433066.374428 91861571031.28856 140901450749.78305 224166302461.7903 778085590234.8192 1429303305732.2175 
425986.56058206316 7497120897.60336 91354260869.84596 140626787303.69357 224046259793.90182 778075241275.6875 1429300220911.4993 
445466.3892291473 5606053081.249037 90599832119.30429 140217888450.298 223867466912.76962 778059824705.5024 1429295625518.48 
458554.92298628396 4357963831.596771 90093916643.2053 139943243160.92242 223747295346.87842 778049460108.855 1429292536007.6328 
472368.7924199428 3056606137.3109465 89560670886.3971 139653446186.807 223620435697.18896 778038516744.4922 1429289273963.594 
486036.61453873914 1785462808.0785954 89033800778.54585 139366785173.886 223494887801.2433 778027684519.6166 1429286045035.6052 
499911.3529738239 511466425.26769614 88499696592.5432 139075857454.41364 223367409874.0173 778016683744.5227 1429282765852.3157 
514548.69815154 -815151368.562525 87937031670.99477 138769018138.26114 223232894093.47803 778005073461.2529 1429279304968.9583 
535312.6934499036 -2671241116.308264 87140047261.45474 138333866192.3703 223042028717.16147 777988596297.599 1429274393307.3655 
550098.2325093797 -3967236112.7713833 86573731969.85764 138024125538.0597 222906072011.2948 777976856059.868 1429270893650.5244 
