0.0 0.0 0.0 0.0 0.0 0.0 0.0 
0.0 1644902.9550881824 1203352.8616500553 1022609.3992777169 829152.0431643585 449109.7059327876 332279.3310153065 
0.0 3940879.7984104604 2883008.367251605 2449980.8397889137 1986493.201078847 1075982.848657295 796079.1236814111 
1.1996973373203848e-09 5547959.4683255125 4058691.051482025 3449076.119242146 2796579.528173485 1514765.620945633 1120717.9460249366 
4.388268772852111e-09 7143544.351733823 5225964.558054911 4441025.278739259 3600871.639116645 1950409.9595504352 1443034.7596678464 
1.0443655376498383e-08 8759116.966526281 6407860.38510742 5445400.488106341 4415239.038569968 2391511.572141291 1769389.2044851312 
2.0090639519083156e-08 10359119.859658381 7578365.957473785 6440096.258061132 5221758.156113483 2828362.1675754804 2092598.4820568138 
4.23294557720773e-08 12886392.5421157 9427229.344455555 8011260.577483807 6495689.441349185 3518386.282849627 2603121.297261987 
7.432318491925569e-08 15175841.06495879 11102108.991450509 9434573.495665018 7649739.869637006 4143477.004060019 3065602.343486052 
1.2165170804299013e-07 17565441.550547354 12850256.288780984 10920149.272840545 8854274.26304498 4795912.334742339 3548314.63482218 
1.6448561944145137e-07 19153403.07709377 14011952.853987267 11907359.15047057 9654723.671228956 5229475.275967885 3869091.5010585985 
2.1684836012842633e-07 20765177.950073306 15191070.430651506 12909373.406479029 10467176.764199432 5669540.005907645 4194678.795518397 
2.779268759770869e-07 22347945.556333926 16348967.324414656 13893354.324513268 11265008.068288554 6101684.852743632 4514406.46720838 
3.4867983387280816e-07 23917227.73473188 17496998.764849413 14868951.580046842 12056041.732356532 6530147.762010669 4831410.012174689 
4.332771597711001e-07 25543527.08524785 18686741.966033965 15879995.495867252 12875816.254144955 6974178.139682456 5159931.339810698 
5.258946810395098e-07 27094734.38133047 19821550.481875695 16844355.910525464 13657738.864794597 7397706.052484404 5473283.667042706 
6.356519154088795e-07 28719832.92234794 21010415.236794114 17854653.324857213 14476908.10912251 7841408.582149142 5801562.432307367 
7.687105516905322e-07 30465041.279583134 22287148.109670673 18939621.07794866 15356621.550231928 8317904.839772344 6154104.039912534 
8.938539195195687e-07 31917670.219019327 23349840.214518815 19842696.961214308 16088853.444756959 8714517.806259366 6447543.013600506 
1.0455853643220604e-06 33516575.85832844 24519543.20759207 20836710.711892765 16894819.57200083 9151068.87576591 6770530.683251399 
1.2123452656656908e-06 35104999.95771829 25681578.290586658 21824208.273053683 17695502.243636377 9584758.164816083 7091401.029490476 
1.3975207068615137e-06 36708142.04316544 26854380.549177676 22820855.78291215 18503603.876273815 10022465.929756084 7415244.4944655895 
1.6038554695401833e-06 38337546.77618041 28046395.652236648 23833830.37208507 19324943.83027504 10467344.22364709 7744393.163341647 
1.8220120363288437e-06 39913199.46401836 29199087.670000304 24813388.199939087 20119188.80983101 10897546.540989375 8062683.6307479385 
2.0636378169310493e-06 41519808.017062746 30374425.926530413 25812190.806181032 20929037.839272894 11336200.782730294 8387227.358212922 
2.9591729041880603e-06 47011526.88352865 34391974.177581675 29226303.848847866 23697268.637760796 12835611.337167475 9496584.669815095 
0.00042605671301072204 2079762255.4474485 1521480953.6521463 1292954726.2761078 1048353425.6155578 567840005.8230785 420123401.44573134 
0.024801807767098057 3356115952.657941 2455238991.330904 2086464591.901843 1691747780.9772718 916334332.3357279 677961211.0046229 
1.0663951490347576 5271003273.065912 3857075114.09147 3277838198.833412 2657770179.6200314 1439586648.4137468 1065095972.3842643 
3.338518793546182 6520271556.320918 4773115484.759335 4056492531.979794 3289190552.037835 1781610090.122963 1318146455.2967045 
7.291955719971229 7782484668.196455 5700191680.267853 4844675451.003031 3928390160.8276234 2127858239.9755747 1574322817.7590456 
13.420314538692024 9063406334.087442 6642978038.055631 5646403370.814648 4578641253.672133 2480106769.629915 1834938864.4042304 
22.242020146284325 10360347514.46707 7599986920.088891 6460458495.284105 5238972875.780006 2837833189.850502 2099608079.9829962 
34.23455667309159 11663235021.205006 8564288985.639184 7280995028.465051 5904660317.142874 3198481526.250467 2366439446.0366974 
56.82250327015748 13546197591.156727 9962791320.352007 8471462813.096092 6870631377.467512 3721848266.3624682 2753661140.2127323 
77.84766599453278 14812130857.778837 10908420045.040152 9276939086.307018 7524394365.358381 4076097439.479072 3015758961.764995 
102.93183385111836 16048957066.845839 11836496910.152216 10067863234.79132 8166487195.050824 4424052350.343708 3273200325.9366636 
131.81681803137076 17238978290.67035 12733826346.10896 10832998678.195702 8787790924.339449 4760772047.071823 3522329581.9134083 
167.65398365967013 18495923102.888832 13686514700.923595 11645800759.569065 9447964741.520176 5118591752.455654 3787070675.0153427 
209.1645216293498 19738097635.793613 14633596447.27697 12454346750.413681 10104868252.675037 5474677739.2798395 4050529657.315842 
255.94196378316587 20945629566.71583 15560142399.18157 13245913646.890682 10748172644.95478 5823432764.419871 4308565297.436346 
309.81690651463805 22159262162.48578 16497630210.37204 14047415287.810036 11399758535.64158 6176720612.355229 4569955356.577297 
371.1984043068302 23372891669.57145 17441947886.47289 14855394236.739542 12056835808.812737 6533032788.338223 4833583800.733477 
472.0619004113148 25133062239.171436 18822272342.59602 16037429925.684107 13018462700.23747 7054566037.275192 5219457275.319214 
549.8900321570526 26278439923.480232 19731513098.50209 16817077157.362432 13653093861.900675 7398829971.84631 5474173435.235244 
635.391011443153 27407767859.277164 20635907024.743122 17593294910.715202 14285189997.774221 7741772072.130576 5727912440.174952 
735.2410792693065 28596786142.229515 21596930034.229836 18418924358.61445 14957808842.703499 8106758960.237424 5997963083.270782 
842.5783653231993 29746233364.51751 22535646939.008762 19226271862.73388 15615844912.333015 8463897338.724319 6262207714.372669 
955.4658175102797 30839678918.71737 23438244972.749516 20003425977.302383 16249578682.301495 8807909827.445736 6516741594.1518 
1085.7991358475385 31989122852.604965 24397435944.815514 20830240827.302395 16924137442.000824 9174151829.528248 6787724119.799228 
1282.5912210787596 33564535291.041893 25728174755.91249 21978765297.724213 17861670484.513718 9683277156.66644 7164427724.602792 
1433.73213507721 34627712090.51906 26642409370.977783 22769252715.27371 18507445986.875267 10034069148.943089 7423981619.220141 
1603.1650608479467 35720003924.3737 27594096449.3721 23593214335.545914 19180951594.83235 10400004079.849949 7694741171.0794325 
1866.6424986573531 37274051607.76816 28967690145.843964 24784166762.90332 20155035816.38542 10929376580.56797 8086432088.559426 
2055.980627608713 38259976783.86518 29858432802.905273 25558139311.403847 20788656976.811867 11273843751.935165 8341310627.616264 
2261.489571411806 39247847640.20935 30764590955.31311 26346671741.70259 21434606822.491924 11625098184.472342 8601212557.72966 
2476.380045568434 40201121189.75247 31653287701.589233 27121215828.351227 22069520946.371986 11970439314.627968 8856740486.985106 
2706.849595705251 41146908867.69651 32549807990.87174 27903817043.138046 22711473887.18349 12319698917.232708 9115169242.51738 
2947.109618813644 42059077469.786255 33429810616.08286 28673270422.531853 23343087125.005157 12663425311.685377 9369505264.429827 
3209.8798744814735 42983904342.17102 34338321841.075916 29468985391.627457 23996724495.725418 13019234001.97208 9632782970.956661 
3484.1006399320363 43876879065.01704 35232888758.33437 30253891189.41357 24641973705.441906 13370578177.25478 9892758816.384914 
3779.1618051077444 44767257069.93687 36143078187.107346 31053960811.670208 25300197603.536564 13729092456.481949 10158041832.348396 
4086.573030455187 45625952097.81359 37040035716.36771 31843910258.764023 25950623041.2656 14083468216.580605 10420264285.134895 
4389.73991007645 46410800050.09436 37878373213.857445 32583673023.184715 26560228223.89795 14415707398.099848 10666108299.065434 
4728.542652428958 47227684845.8214 38770248460.937355 33372158362.57448 27210499231.81999 14770216289.268383 10928432725.658564 
5093.723898204107 48043930385.08737 39683454749.90422 34181165028.375248 27878273373.88087 15134386946.15785 11197908432.353497 
5643.9781188141105 49181743548.58494 40990334898.94551 35341444019.17837 28836872118.43531 15657339567.295506 11584881058.721258 
6035.654478329977 49906078213.88726 41856184332.19126 36112636985.94567 29474874617.295162 16005571709.429485 11842567465.35123 
6445.4382177602165 50609081682.6366 42720633632.96007 36884293050.48616 30113853488.956673 16354459083.215921 12100740680.278986 
6875.360022925563 51292859551.520195 43586805875.22818 37659251649.95905 30756178502.9428 16705299476.064234 12360361115.304623 
7321.276811811103 51949683635.912186 44445366242.05437 38429207201.22124 31394982258.073395 17054345381.322031 12618655686.913645 
7795.515021367616 52596373825.553955 45318898935.802086 39214469244.77694 32047134947.843018 17410818967.81231 12882448883.049809 
8278.85986052971 53204980482.55374 46170540430.11844 39981973907.355354 32685203846.291855 17759730732.499058 13140648444.17526 
8789.2538772411 53798738085.10519 47032251472.03867 40760508050.83567 33333116251.81562 18114163791.48225 13402936043.963943 
9319.646087098066 54367337534.95357 47890358892.106766 41537815975.2492 33980707167.7025 18468564648.371067 13665202097.212643 
9861.023408686891 54901335435.24601 48730294153.75353 42300701868.049576 34616984114.97295 18816917878.71058 13922995035.43111 
10420.55788911865 55408961140.20184 49563921630.293945 43059899872.58236 35250886335.83668 19164114913.381798 14179934637.291462 
11014.935891232435 55904073449.18648 50414940774.865715 43837066804.80098 35900522540.362335 19520079568.287052 14443365007.392883 
11621.045885641293 56365541873.10312 51248619610.3321 44600591964.96108 36539506906.93046 19870361674.050007 14702592473.752052 
12264.560874092014 56812770156.96577 52099973993.85988 45382566386.6971 37194704497.14402 20229690099.98951 14968517215.69734 
12899.882294801606 57213549382.370766 52908084449.07594 46127078358.6722 37819284027.56836 20572384599.399494 15222134352.428272 
13569.929139815571 57597559258.947296 53729424153.711426 46886022207.9177 38456735582.68553 20922298282.54725 15481096657.827429 
14260.322011858254 57954798063.49957 54544767856.63122 47641755427.32478 39092283533.03136 21271329232.68295 15739408247.44186 
14975.555843007996 58287376126.91809 55359049160.44631 48398882197.769424 39729811631.986984 21621612836.421402 15998649522.980974 
15715.950805386305 58594821825.55211 56171920816.21779 49157139422.25584 40369119805.87255 21973043646.09978 16258742515.186884 
16462.8231127143 58869719696.75123 56962937303.050064 49897451605.741425 40994124964.87373 22316780810.52992 16513144136.06248 
17288.728655839543 59137641978.510216 57807780201.7912 50690752876.968796 41664749287.633194 22685787548.405514 16786250750.80378 
18110.155316600474 59367716962.254906 58617649067.544846 51453967924.06856 42310869386.441574 23041500432.15137 17049521413.771675 
19351.101608326393 59665221781.05045 59798939056.95604 52571178379.85055 43258011088.1827 23563209145.962845 17435653429.186012 
20202.2277232087 59822247843.9578 60569160383.5709 53303519224.28564 43880181587.71348 23906182636.851738 17689502454.117393 
21112.560107615915 59959268579.55565 61366273689.91353 54064170829.680336 44527322755.894295 24263108074.604473 17953680852.96348 
22025.605698514522 60066112533.59716 62139109918.21298 54804487573.32922 45158110847.36803 24611206514.59218 18211328990.95996 
22964.639506027605 60146939021.56275 62908345534.38927 55544170858.95852 45789299073.81309 24959716520.504265 18469284768.29637 
23968.08010658041 60203838575.75016 63704092287.4108 56312332402.10321 46445782922.53079 25322395154.532288 18737730890.257877 
25410.318421491407 60243874479.35964 64810197823.54143 57384516714.051636 47363559770.68975 25829724605.15556 19113248820.222923 
26455.83591401966 60233265758.20543 65575877498.59956 58131115389.58712 48004098347.74841 26184097442.187466 19375555138.61617 
